M_SIZE;M_TIME;M_SIZE;M_OPERATION;
1000;20;1000;201100
1500;20;1500;201200
2000;20;2000;20800
2500;20;2500;20600
3000;20;3000;20600
3500;20;3500;20600
4000;20;4000;20600
4500;20;4500;20500
5000;20;5000;20500
5500;20;5500;20500
6000;20;6000;20600
6500;20;6500;20500
7000;20;7000;20600
7500;20;7500;20600
8000;20;8000;20500
8500;20;8500;20500
9000;20;9000;20600
9500;20;9500;20600
10000;20;10000;20600
10500;20;10500;20600
11000;20;11000;20500
11500;20;11500;20600
12000;20;12000;20700
12500;20;12500;20500
13000;20;13000;20600
13500;20;13500;20500
14000;20;14000;20600
14500;20;14500;20500
15000;20;15000;20500
15500;20;15500;20600
16000;20;16000;20600
16500;20;16500;20500
17000;20;17000;20600
17500;20;17500;20500
18000;20;18000;201200
18500;20;18500;20600
19000;20;19000;20500
19500;20;19500;20600
20000;20;20000;20500
20500;20;20500;20500
21000;20;21000;20500
21500;20;21500;20600
22000;20;22000;20500
22500;20;22500;20600
23000;20;23000;20600
23500;20;23500;20500
24000;20;24000;20600
24500;20;24500;20600
25000;20;25000;20700
25500;20;25500;20900
26000;20;26000;20500
26500;20;26500;20600
27000;20;27000;20500
27500;20;27500;20500
28000;20;28000;20600
28500;20;28500;20600
29000;20;29000;20600
29500;20;29500;20500
30000;20;30000;20600
30500;20;30500;20600
31000;20;31000;20600
31500;20;31500;20500
32000;20;32000;20600
32500;20;32500;20600
33000;20;33000;20500
33500;20;33500;20700
34000;20;34000;20500
34500;20;34500;20500
35000;20;35000;20500
35500;20;35500;201200
36000;20;36000;201000
36500;20;36500;201000
37000;20;37000;201100
37500;20;37500;201100
38000;20;38000;20600
38500;20;38500;20700
39000;20;39000;201200
39500;20;39500;20500
40000;20;40000;20600
40500;20;40500;20500
41000;20;41000;20500
41500;20;41500;20600
42000;20;42000;20500
42500;20;42500;20700
43000;20;43000;20600
43500;20;43500;20500
44000;20;44000;20600
44500;20;44500;20500
45000;20;45000;20600
45500;20;45500;20600
46000;20;46000;20600
46500;20;46500;20600
47000;20;47000;20600
47500;20;47500;20500
48000;20;48000;20500
48500;20;48500;20600
49000;20;49000;20600
49500;20;49500;20500
50000;20;50000;20500
50500;20;50500;20600
51000;20;51000;20500
51500;20;51500;20600
52000;20;52000;20500
52500;20;52500;20500
53000;20;53000;20500
53500;20;53500;20500
54000;20;54000;20500
54500;20;54500;20500
55000;20;55000;20500
55500;20;55500;20500
56000;20;56000;20600
56500;20;56500;20500
57000;20;57000;20500
57500;20;57500;20500
58000;20;58000;20600
58500;20;58500;20600
59000;20;59000;20600
59500;20;59500;20600
60000;20;60000;20900
60500;20;60500;20600
61000;20;61000;20600
61500;20;61500;20500
62000;20;62000;20600
62500;20;62500;20500
63000;20;63000;20500
63500;20;63500;208200
64000;20;64000;20500
64500;20;64500;20500
65000;20;65000;20600
65500;20;65500;20500
66000;20;66000;20500
66500;20;66500;20500
67000;20;67000;20300
67500;20;67500;20500
68000;20;68000;20600
68500;20;68500;20500
69000;20;69000;20500
69500;20;69500;20600
70000;20;70000;20500
70500;20;70500;20500
71000;20;71000;20700
71500;20;71500;20500
72000;20;72000;20500
72500;20;72500;20500
73000;20;73000;20700
73500;20;73500;20600
74000;20;74000;20400
74500;20;74500;20500
75000;20;75000;20500
75500;20;75500;20500
76000;20;76000;20700
76500;20;76500;20700
77000;20;77000;20500
77500;20;77500;20500
78000;20;78000;20500
78500;20;78500;20600
79000;20;79000;20600
79500;20;79500;20500
80000;20;80000;20500
80500;20;80500;20500
81000;20;81000;20500
81500;20;81500;20500
82000;20;82000;20500
82500;20;82500;20800
83000;20;83000;20600
83500;20;83500;201000
84000;20;84000;20600
84500;20;84500;20600
85000;20;85000;20500
85500;20;85500;20500
86000;20;86000;20600
86500;20;86500;20500
87000;20;87000;20500
87500;20;87500;20500
88000;20;88000;20600
88500;20;88500;20500
89000;20;89000;20700
89500;20;89500;20700
90000;20;90000;20600
90500;20;90500;20600
91000;20;91000;20700
91500;20;91500;20500
92000;20;92000;20600
92500;20;92500;20500
93000;20;93000;20600
93500;20;93500;20600
94000;20;94000;20500
94500;20;94500;20600
95000;20;95000;20600
95500;20;95500;20700
96000;20;96000;20600
96500;20;96500;20600
97000;20;97000;20500
97500;20;97500;20600
98000;20;98000;20600
98500;20;98500;201000
99000;20;99000;20500
99500;20;99500;20500
100000;20;100000;20500
100500;20;100500;201100
101000;20;101000;201100
101500;20;101500;20900
102000;20;102000;20800
102500;20;102500;20700
103000;20;103000;20500
103500;20;103500;20600
104000;20;104000;20400
104500;20;104500;201800
105000;20;105000;20600
105500;20;105500;20700
106000;20;106000;20500
106500;20;106500;20500
107000;20;107000;20500
107500;20;107500;20500
108000;20;108000;20500
108500;20;108500;20700
109000;20;109000;20500
109500;20;109500;20400
110000;20;110000;20500
110500;20;110500;20500
111000;20;111000;20500
111500;20;111500;201000
112000;20;112000;20600
112500;20;112500;20400
113000;20;113000;20400
113500;20;113500;20500
114000;20;114000;20500
114500;20;114500;20600
115000;20;115000;20600
115500;20;115500;20500
116000;20;116000;20500
116500;20;116500;20400
117000;20;117000;20500
117500;20;117500;20900
118000;20;118000;20800
118500;20;118500;20800
119000;20;119000;20600
119500;20;119500;20600
120000;20;120000;20600
120500;20;120500;20500
121000;20;121000;20600
121500;20;121500;20600
122000;20;122000;20600
122500;20;122500;20500
123000;20;123000;20600
123500;20;123500;20600
124000;20;124000;20600
124500;20;124500;20600
125000;20;125000;20600
125500;20;125500;20500
126000;20;126000;20600
126500;20;126500;20600
127000;20;127000;20600
127500;20;127500;20600
128000;20;128000;20600
128500;20;128500;20600
129000;20;129000;20600
129500;20;129500;204900
130000;20;130000;20600
130500;20;130500;20500
131000;20;131000;20500
131500;20;131500;20600
132000;20;132000;20600
132500;20;132500;20500
133000;20;133000;20600
133500;20;133500;20600
134000;20;134000;20600
134500;20;134500;20600
135000;20;135000;20600
135500;20;135500;20600
136000;20;136000;20600
136500;20;136500;20500
137000;20;137000;20600
137500;20;137500;20500
138000;20;138000;20500
138500;20;138500;20500
139000;20;139000;20500
139500;20;139500;20500
140000;20;140000;20900
140500;20;140500;20600
141000;20;141000;20600
141500;20;141500;20600
142000;20;142000;20500
142500;20;142500;20500
143000;20;143000;20500
143500;20;143500;20600
144000;20;144000;201000
144500;20;144500;20600
145000;20;145000;20700
145500;20;145500;20700
146000;20;146000;20600
146500;20;146500;20600
147000;20;147000;20600
147500;20;147500;20600
148000;20;148000;20600
148500;20;148500;20500
149000;20;149000;20600
149500;20;149500;20500
150000;20;150000;20600
150500;20;150500;20500
151000;20;151000;20600
151500;20;151500;20600
152000;20;152000;20600
152500;20;152500;20500
153000;20;153000;20500
153500;20;153500;20700
154000;20;154000;201100
154500;20;154500;20800
155000;20;155000;20700
155500;20;155500;201500
156000;20;156000;201300
156500;20;156500;20700
157000;20;157000;20700
157500;20;157500;20700
158000;20;158000;20700
158500;20;158500;201200
159000;20;159000;20700
159500;20;159500;20600
160000;20;160000;20600
160500;20;160500;20500
161000;20;161000;20500
161500;20;161500;20500
162000;20;162000;20500
162500;20;162500;201800
163000;20;163000;201000
163500;20;163500;20700
164000;20;164000;20600
164500;20;164500;20700
165000;20;165000;20500
165500;20;165500;20700
166000;20;166000;20600
166500;20;166500;20500
167000;20;167000;20600
167500;20;167500;20700
168000;20;168000;20600
168500;20;168500;20500
169000;20;169000;20600
169500;20;169500;20600
170000;20;170000;20600
170500;20;170500;20500
171000;20;171000;20500
171500;20;171500;20600
172000;20;172000;20500
172500;20;172500;20800
173000;20;173000;20500
173500;20;173500;20700
174000;20;174000;20600
174500;20;174500;20600
175000;20;175000;20600
175500;20;175500;20600
176000;20;176000;20600
176500;20;176500;20700
177000;20;177000;201100
177500;20;177500;20700
178000;20;178000;20500
178500;20;178500;20500
179000;20;179000;20600
179500;20;179500;20600
180000;20;180000;20500
180500;20;180500;20600
181000;20;181000;20900
181500;20;181500;20700
182000;20;182000;20500
182500;20;182500;20600
183000;20;183000;20600
183500;20;183500;20500
184000;20;184000;20600
184500;20;184500;20600
185000;20;185000;20800
185500;20;185500;20500
186000;20;186000;20700
186500;20;186500;20700
187000;20;187000;20700
187500;20;187500;20600
188000;20;188000;20600
188500;20;188500;20500
189000;20;189000;20600
189500;20;189500;20600
190000;20;190000;20500
190500;20;190500;20500
191000;20;191000;20500
191500;20;191500;20500
192000;20;192000;20600
192500;20;192500;20600
193000;20;193000;20500
193500;20;193500;20500
194000;20;194000;20500
194500;20;194500;20600
195000;20;195000;20600
195500;20;195500;20800
196000;20;196000;20600
196500;20;196500;20500
197000;20;197000;20600
197500;20;197500;20600
198000;20;198000;201200
198500;20;198500;20600
199000;20;199000;20600
199500;20;199500;20600
200000;20;200000;20600
200500;20;200500;20800
201000;20;201000;20600
201500;20;201500;20600
202000;20;202000;20600
202500;20;202500;20900
203000;20;203000;20600
203500;20;203500;20500
204000;20;204000;201300
204500;20;204500;201000
205000;20;205000;201000
205500;20;205500;201100
206000;20;206000;201000
206500;20;206500;201100
207000;20;207000;201000
207500;20;207500;20600
208000;20;208000;20600
208500;20;208500;201100
209000;20;209000;20700
209500;20;209500;20500
210000;20;210000;20500
210500;20;210500;20700
211000;20;211000;20600
211500;20;211500;20500
212000;20;212000;20600
212500;20;212500;20800
213000;20;213000;20500
213500;20;213500;20600
214000;20;214000;20600
214500;20;214500;20900
215000;20;215000;20600
215500;20;215500;20500
216000;20;216000;20500
216500;20;216500;20700
217000;20;217000;20800
217500;20;217500;20500
218000;20;218000;20500
218500;20;218500;20600
219000;20;219000;20900
219500;20;219500;20800
220000;20;220000;20600
220500;20;220500;20600
221000;20;221000;20700
221500;20;221500;20500
222000;20;222000;20500
222500;20;222500;20500
223000;20;223000;20700
223500;20;223500;20500
224000;20;224000;20500
224500;20;224500;20600
225000;20;225000;20800
225500;20;225500;20600
226000;20;226000;20500
226500;20;226500;20500
227000;20;227000;20700
227500;20;227500;20500
228000;20;228000;20500
228500;20;228500;20500
229000;20;229000;20800
229500;20;229500;20900
230000;20;230000;20600
230500;20;230500;20600
231000;20;231000;20800
231500;20;231500;20700
232000;20;232000;20500
232500;20;232500;20600
233000;20;233000;20900
233500;20;233500;20600
234000;20;234000;20500
234500;20;234500;20700
235000;20;235000;20800
235500;20;235500;20600
236000;20;236000;20500
236500;20;236500;20600
237000;20;237000;20700
237500;20;237500;20600
238000;20;238000;20600
238500;20;238500;20600
239000;20;239000;20600
239500;20;239500;201200
240000;20;240000;20700
240500;20;240500;20600
241000;20;241000;20500
241500;20;241500;20800
242000;20;242000;20600
242500;20;242500;20500
243000;20;243000;20600
243500;20;243500;20900
244000;20;244000;20700
244500;20;244500;20800
245000;20;245000;20600
245500;20;245500;20800
246000;20;246000;20600
246500;20;246500;20600
247000;20;247000;20900
247500;20;247500;202100
248000;20;248000;20900
248500;20;248500;20900
249000;20;249000;201000
249500;20;249500;201000
250000;20;250000;20600
250500;20;250500;20500
251000;20;251000;20500
251500;20;251500;201100
252000;20;252000;20600
252500;20;252500;20600
253000;20;253000;20500
253500;20;253500;201100
254000;20;254000;20900
254500;20;254500;20900
255000;20;255000;20800
255500;20;255500;201000
256000;20;256000;20900
256500;20;256500;201000
257000;20;257000;20800
257500;20;257500;20900
258000;20;258000;20700
258500;20;258500;20500
259000;20;259000;20600
259500;20;259500;20600
260000;20;260000;20700
260500;20;260500;20600
261000;20;261000;20600
261500;20;261500;20800
262000;20;262000;20800
262500;20;262500;201000
263000;20;263000;201100
263500;20;263500;201100
264000;20;264000;201500
264500;20;264500;201200
265000;20;265000;201500
265500;20;265500;201000
266000;20;266000;20700
266500;20;266500;20900
267000;20;267000;201100
267500;20;267500;20600
268000;20;268000;201100
268500;20;268500;20900
269000;20;269000;20800
269500;20;269500;20900
270000;20;270000;20900
270500;20;270500;201000
271000;20;271000;20900
271500;20;271500;20900
272000;20;272000;20900
272500;20;272500;201500
273000;20;273000;201000
273500;20;273500;20900
274000;20;274000;20800
274500;20;274500;2010700
275000;20;275000;20800
275500;20;275500;20700
276000;20;276000;20900
276500;20;276500;201400
277000;20;277000;20900
277500;20;277500;201200
278000;20;278000;20800
278500;20;278500;20900
279000;20;279000;201000
279500;20;279500;20800
280000;20;280000;20900
280500;20;280500;20800
281000;20;281000;20700
281500;20;281500;201100
282000;20;282000;20900
282500;20;282500;201000
283000;20;283000;201200
283500;20;283500;20800
284000;20;284000;20900
284500;20;284500;20700
285000;20;285000;201000
285500;20;285500;201100
286000;20;286000;20800
286500;20;286500;20800
287000;20;287000;20800
287500;20;287500;20800
288000;20;288000;20700
288500;20;288500;20700
289000;20;289000;20600
289500;20;289500;20700
290000;20;290000;20900
290500;20;290500;201100
291000;20;291000;20700
291500;20;291500;201000
292000;20;292000;20800
292500;20;292500;20800
293000;20;293000;20900
293500;20;293500;201000
294000;20;294000;20900
294500;20;294500;201100
295000;20;295000;201000
295500;20;295500;20800
296000;20;296000;20800
296500;20;296500;201400
297000;20;297000;20800
297500;20;297500;20900
298000;20;298000;201000
298500;20;298500;20800
299000;20;299000;20700
299500;20;299500;20800
300000;20;300000;20800
300500;20;300500;20800
301000;20;301000;20900
301500;20;301500;20800
302000;20;302000;20700
302500;20;302500;20800
303000;20;303000;20800
303500;20;303500;20800
304000;20;304000;20900
304500;20;304500;201300
305000;20;305000;201200
305500;20;305500;20800
306000;20;306000;20900
306500;20;306500;20900
307000;20;307000;20800
307500;20;307500;20700
308000;20;308000;20700
308500;20;308500;20800
309000;20;309000;20800
309500;20;309500;20700
310000;20;310000;20800
310500;20;310500;20700
311000;20;311000;20700
311500;20;311500;20900
312000;20;312000;20900
312500;20;312500;20900
313000;20;313000;20800
313500;20;313500;20800
314000;20;314000;20900
314500;20;314500;20800
315000;20;315000;20800
315500;20;315500;20800
316000;20;316000;20800
316500;20;316500;20800
317000;20;317000;20700
317500;20;317500;20800
318000;20;318000;20700
318500;20;318500;20700
319000;20;319000;20800
319500;20;319500;20700
320000;20;320000;20700
320500;20;320500;20900
321000;20;321000;20800
321500;20;321500;20800
322000;20;322000;20700
322500;20;322500;20700
323000;20;323000;20700
323500;20;323500;20700
324000;20;324000;20700
324500;20;324500;20800
325000;20;325000;20700
325500;20;325500;20700
326000;20;326000;20700
326500;20;326500;20700
327000;20;327000;20700
327500;20;327500;20700
328000;20;328000;20700
328500;20;328500;20700
329000;20;329000;20700
329500;20;329500;20700
330000;20;330000;20700
330500;20;330500;20700
331000;20;331000;20700
331500;20;331500;20700
332000;20;332000;20700
332500;20;332500;20700
333000;20;333000;20700
333500;20;333500;201100
334000;20;334000;201100
334500;20;334500;201000
335000;20;335000;20900
335500;20;335500;20700
336000;20;336000;20700
336500;20;336500;201000
337000;20;337000;20800
337500;20;337500;20800
338000;20;338000;20800
338500;20;338500;20800
339000;20;339000;20800
339500;20;339500;20900
340000;20;340000;20800
340500;20;340500;20700
341000;20;341000;20700
341500;20;341500;20800
342000;20;342000;20800
342500;20;342500;20700
343000;20;343000;201000
343500;20;343500;20800
344000;20;344000;20800
344500;20;344500;20700
345000;20;345000;20700
345500;20;345500;20700
346000;20;346000;20700
346500;20;346500;20700
347000;20;347000;20700
347500;20;347500;20600
348000;20;348000;20800
348500;20;348500;20800
349000;20;349000;20800
349500;20;349500;20900
350000;20;350000;20600
350500;20;350500;20900
351000;20;351000;20900
351500;20;351500;20700
352000;20;352000;20700
352500;20;352500;20800
353000;20;353000;20700
353500;20;353500;20700
354000;20;354000;20700
354500;20;354500;20700
355000;20;355000;20700
355500;20;355500;20700
356000;20;356000;20800
356500;20;356500;20700
357000;20;357000;20700
357500;20;357500;20700
358000;20;358000;20700
358500;20;358500;20700
359000;20;359000;20600
359500;20;359500;20900
360000;20;360000;20800
360500;20;360500;20800
361000;20;361000;201200
361500;20;361500;20900
362000;20;362000;201100
362500;20;362500;201200
363000;20;363000;201300
363500;20;363500;20800
364000;20;364000;20800
364500;20;364500;20900
365000;20;365000;20700
365500;20;365500;20800
366000;20;366000;20800
366500;20;366500;20800
367000;20;367000;20700
367500;20;367500;20800
368000;20;368000;20700
368500;20;368500;20800
369000;20;369000;20800
369500;20;369500;20700
370000;20;370000;201100
370500;20;370500;20500
371000;20;371000;20600
371500;20;371500;20700
372000;20;372000;20700
372500;20;372500;20600
373000;20;373000;20700
373500;20;373500;20600
374000;20;374000;20800
374500;20;374500;20700
375000;20;375000;20700
375500;20;375500;20700
376000;20;376000;20900
376500;20;376500;20900
377000;20;377000;20800
377500;20;377500;20800
378000;20;378000;20700
378500;20;378500;20700
379000;20;379000;20700
379500;20;379500;20700
380000;20;380000;20700
380500;20;380500;20600
381000;20;381000;20900
381500;20;381500;20900
382000;20;382000;20800
382500;20;382500;20800
383000;20;383000;20800
383500;20;383500;20700
384000;20;384000;201000
384500;20;384500;201100
385000;20;385000;20800
385500;20;385500;20700
386000;20;386000;20700
386500;20;386500;20900
387000;20;387000;20900
387500;20;387500;20900
388000;20;388000;201300
388500;20;388500;20700
389000;20;389000;20700
389500;20;389500;20800
390000;20;390000;20700
390500;20;390500;20700
391000;20;391000;201100
391500;20;391500;201200
392000;20;392000;201200
392500;20;392500;201100
393000;20;393000;20900
393500;20;393500;20800
394000;20;394000;20800
394500;20;394500;201000
395000;20;395000;201000
395500;20;395500;20800
396000;20;396000;201000
396500;20;396500;201100
397000;20;397000;20700
397500;20;397500;201000
398000;20;398000;20900
398500;20;398500;20800
399000;20;399000;20900
399500;20;399500;20700
400000;20;400000;20800
400500;20;400500;20900
401000;20;401000;20800
401500;20;401500;20700
402000;20;402000;20700
402500;20;402500;20800
403000;20;403000;20700
403500;20;403500;20800
404000;20;404000;20800
404500;20;404500;201000
405000;20;405000;201100
405500;20;405500;201000
406000;20;406000;201000
406500;20;406500;20900
407000;20;407000;20700
407500;20;407500;20700
408000;20;408000;20800
408500;20;408500;20700
409000;20;409000;20700
409500;20;409500;20700
410000;20;410000;20600
410500;20;410500;20800
411000;20;411000;20700
411500;20;411500;20700
412000;20;412000;20600
412500;20;412500;201000
413000;20;413000;201000
413500;20;413500;20800
414000;20;414000;20800
414500;20;414500;20700
415000;20;415000;20800
415500;20;415500;20800
416000;20;416000;20900
416500;20;416500;20800
417000;20;417000;20900
417500;20;417500;201100
418000;20;418000;201000
418500;20;418500;20800
419000;20;419000;20800
419500;20;419500;20900
420000;20;420000;201000
420500;20;420500;20900
421000;20;421000;20700
421500;20;421500;20800
422000;20;422000;20800
422500;20;422500;20700
423000;20;423000;20900
423500;20;423500;20700
424000;20;424000;20700
424500;20;424500;201100
425000;20;425000;201200
425500;20;425500;20800
426000;20;426000;20800
426500;20;426500;20800
427000;20;427000;20800
427500;20;427500;20800
428000;20;428000;20700
428500;20;428500;20700
429000;20;429000;20900
429500;20;429500;20900
430000;20;430000;20900
430500;20;430500;20900
431000;20;431000;20900
431500;20;431500;201000
432000;20;432000;20800
432500;20;432500;20900
433000;20;433000;20700
433500;20;433500;20900
434000;20;434000;201000
434500;20;434500;20700
435000;20;435000;20700
435500;20;435500;20800
436000;20;436000;20600
436500;20;436500;20700
437000;20;437000;20900
437500;20;437500;20900
438000;20;438000;20800
438500;20;438500;20500
439000;20;439000;20700
439500;20;439500;20700
440000;20;440000;20700
440500;20;440500;20700
441000;20;441000;20800
441500;20;441500;20700
442000;20;442000;20700
442500;20;442500;201000
443000;20;443000;201200
443500;20;443500;201000
444000;20;444000;201100
444500;20;444500;20900
445000;20;445000;20800
445500;20;445500;20800
446000;20;446000;201000
446500;20;446500;201000
447000;20;447000;201000
447500;20;447500;20800
448000;20;448000;20700
448500;20;448500;20800
449000;20;449000;20700
449500;20;449500;20800
450000;20;450000;201500
450500;20;450500;201000
451000;20;451000;20900
451500;20;451500;20800
452000;20;452000;20700
452500;20;452500;20800
453000;20;453000;20800
453500;20;453500;20700
454000;20;454000;20700
454500;20;454500;201300
455000;20;455000;201400
455500;20;455500;201100
456000;20;456000;20900
456500;20;456500;20700
457000;20;457000;20600
457500;20;457500;20700
458000;20;458000;20900
458500;20;458500;20700
459000;20;459000;20700
459500;20;459500;20900
460000;20;460000;201000
460500;20;460500;20800
461000;20;461000;20700
461500;20;461500;20900
462000;20;462000;20800
462500;20;462500;20700
463000;20;463000;20700
463500;20;463500;20700
464000;20;464000;201300
464500;20;464500;201300
465000;20;465000;201100
465500;20;465500;201500
466000;20;466000;20800
466500;20;466500;20800
467000;20;467000;201000
467500;20;467500;20700
468000;20;468000;20900
468500;20;468500;20700
469000;20;469000;20800
469500;20;469500;20700
470000;20;470000;20800
470500;20;470500;20700
471000;20;471000;201000
471500;20;471500;201100
472000;20;472000;201100
472500;20;472500;201000
473000;20;473000;20800
473500;20;473500;20700
474000;20;474000;20700
474500;20;474500;20800
475000;20;475000;20800
475500;20;475500;201000
476000;20;476000;20900
476500;20;476500;20800
477000;20;477000;20700
477500;20;477500;20700
478000;20;478000;20700
478500;20;478500;20800
479000;20;479000;20700
479500;20;479500;20800
480000;20;480000;20900
480500;20;480500;201000
481000;20;481000;20900
481500;20;481500;201100
482000;20;482000;201500
482500;20;482500;201000
483000;20;483000;20800
483500;20;483500;201000
484000;20;484000;201000
484500;20;484500;201400
485000;20;485000;201000
485500;20;485500;20900
486000;20;486000;20800
486500;20;486500;20800
487000;20;487000;20800
487500;20;487500;20900
488000;20;488000;201200
488500;20;488500;201000
489000;20;489000;20800
489500;20;489500;20700
490000;20;490000;20800
490500;20;490500;20800
491000;20;491000;20900
491500;20;491500;20800
492000;20;492000;201100
492500;20;492500;201100
493000;20;493000;20800
493500;20;493500;20700
494000;20;494000;20700
494500;20;494500;20700
495000;20;495000;20700
495500;20;495500;20800
496000;20;496000;20900
496500;20;496500;20900
497000;20;497000;20900
497500;20;497500;20900
498000;20;498000;201000
498500;20;498500;201100
499000;20;499000;20900
499500;20;499500;20800
500000;20;500000;20600
500500;20;500500;20700
501000;20;501000;20800
501500;20;501500;20700
502000;20;502000;20700
502500;20;502500;20700
503000;20;503000;20700
503500;20;503500;20700
504000;20;504000;20700
504500;20;504500;201000
505000;20;505000;20800
505500;20;505500;20900
506000;20;506000;201100
506500;20;506500;20700
507000;20;507000;20800
507500;20;507500;20800
508000;20;508000;20700
508500;20;508500;201400
509000;20;509000;201200
509500;20;509500;201200
510000;20;510000;20900
510500;20;510500;20800
511000;20;511000;20800
511500;20;511500;20800
512000;20;512000;20700
512500;20;512500;20900
513000;20;513000;20800
513500;20;513500;201000
514000;20;514000;20900
514500;20;514500;201000
515000;20;515000;201000
515500;20;515500;201200
516000;20;516000;20900
516500;20;516500;201100
517000;20;517000;20900
517500;20;517500;20800
518000;20;518000;20900
518500;20;518500;20700
519000;20;519000;20800
519500;20;519500;20800
520000;20;520000;201100
520500;20;520500;201000
521000;20;521000;20700
521500;20;521500;20800
522000;20;522000;20600
522500;20;522500;20800
523000;20;523000;20900
523500;20;523500;20900
524000;20;524000;20800
524500;20;524500;201000
525000;20;525000;20700
525500;20;525500;20800
526000;20;526000;20600
526500;20;526500;20800
527000;20;527000;20700
527500;20;527500;20900
528000;20;528000;20800
528500;20;528500;201100
529000;20;529000;201100
529500;20;529500;20800
530000;20;530000;20800
530500;20;530500;20900
531000;20;531000;20800
531500;20;531500;20900
532000;20;532000;201100
532500;20;532500;20900
533000;20;533000;201100
533500;20;533500;20700
534000;20;534000;20800
534500;20;534500;20900
535000;20;535000;20700
535500;20;535500;201000
536000;20;536000;20900
536500;20;536500;20700
537000;20;537000;20800
537500;20;537500;20700
538000;20;538000;20800
538500;20;538500;20800
539000;20;539000;20800
539500;20;539500;201300
540000;20;540000;201200
540500;20;540500;201000
541000;20;541000;201000
541500;20;541500;20900
542000;20;542000;20900
542500;20;542500;20900
543000;20;543000;20900
543500;20;543500;20900
544000;20;544000;20800
544500;20;544500;20900
545000;20;545000;201100
545500;20;545500;20900
546000;20;546000;20900
546500;20;546500;201100
547000;20;547000;201000
547500;20;547500;201100
548000;20;548000;201000
548500;20;548500;20900
549000;20;549000;20800
549500;20;549500;20800
550000;20;550000;201000
550500;20;550500;20900
551000;20;551000;20800
551500;20;551500;20800
552000;20;552000;20900
552500;20;552500;20900
553000;20;553000;20800
553500;20;553500;20800
554000;20;554000;20700
554500;20;554500;201000
555000;20;555000;20800
555500;20;555500;20800
556000;20;556000;20700
556500;20;556500;20900
557000;20;557000;20600
557500;20;557500;201200
558000;20;558000;201100
558500;20;558500;201000
559000;20;559000;20800
559500;20;559500;201100
560000;20;560000;201200
560500;20;560500;20800
561000;20;561000;201000
561500;20;561500;201100
562000;20;562000;201100
562500;20;562500;201500
563000;20;563000;201100
563500;20;563500;20900
564000;20;564000;20800
564500;20;564500;201000
565000;20;565000;201200
565500;20;565500;201100
566000;20;566000;201000
566500;20;566500;20900
567000;20;567000;20900
567500;20;567500;20800
568000;20;568000;20700
568500;20;568500;201100
569000;20;569000;201000
569500;20;569500;201100
570000;20;570000;201200
570500;20;570500;201100
571000;20;571000;201000
571500;20;571500;20900
572000;20;572000;201000
572500;20;572500;20700
573000;20;573000;201000
573500;20;573500;20900
574000;20;574000;20800
574500;20;574500;201100
575000;20;575000;20700
575500;20;575500;201000
576000;20;576000;201100
576500;20;576500;201200
577000;20;577000;201000
577500;20;577500;201000
578000;20;578000;201100
578500;20;578500;201100
579000;20;579000;201000
579500;20;579500;201000
580000;20;580000;201000
580500;20;580500;20900
581000;20;581000;201000
581500;20;581500;201000
582000;20;582000;205300
582500;20;582500;201200
583000;20;583000;201100
583500;20;583500;201000
584000;20;584000;20900
584500;20;584500;201000
585000;20;585000;201000
585500;20;585500;20900
586000;20;586000;201000
586500;20;586500;201100
587000;20;587000;201100
587500;20;587500;201000
588000;20;588000;201200
588500;20;588500;20900
589000;20;589000;20700
589500;20;589500;201000
590000;20;590000;201100
590500;20;590500;201300
591000;20;591000;20900
591500;20;591500;201500
592000;20;592000;20900
592500;20;592500;20800
593000;20;593000;201000
593500;20;593500;201100
594000;20;594000;20700
594500;20;594500;201000
595000;20;595000;201100
595500;20;595500;203500
596000;20;596000;201100
596500;20;596500;201200
597000;20;597000;201000
597500;20;597500;201500
598000;20;598000;20900
598500;20;598500;20800
599000;20;599000;20800
599500;20;599500;20900
600000;20;600000;201100
600500;20;600500;201000
601000;20;601000;20800
601500;20;601500;20900
602000;20;602000;201100
602500;20;602500;201000
603000;20;603000;201200
603500;20;603500;20900
604000;20;604000;201100
604500;20;604500;201200
605000;20;605000;201000
605500;20;605500;20800
606000;20;606000;20800
606500;20;606500;20900
607000;20;607000;201000
607500;20;607500;201000
608000;20;608000;201100
608500;20;608500;201000
609000;20;609000;20800
609500;20;609500;20800
610000;20;610000;201200
610500;20;610500;201000
611000;20;611000;201300
611500;20;611500;201000
612000;20;612000;201100
612500;20;612500;20800
613000;20;613000;20700
613500;20;613500;20800
614000;20;614000;20900
614500;20;614500;201000
615000;20;615000;201100
615500;20;615500;20700
616000;20;616000;20900
616500;20;616500;201200
617000;20;617000;201000
617500;20;617500;201100
618000;20;618000;201200
618500;20;618500;201000
619000;20;619000;201000
619500;20;619500;201000
620000;20;620000;201000
620500;20;620500;201200
621000;20;621000;201100
621500;20;621500;201100
622000;20;622000;201100
622500;20;622500;201200
623000;20;623000;201000
623500;20;623500;201100
624000;20;624000;201000
624500;20;624500;201100
625000;20;625000;20900
625500;20;625500;20500
626000;20;626000;20800
626500;20;626500;20900
627000;20;627000;201100
627500;20;627500;201000
628000;20;628000;20900
628500;20;628500;201200
629000;20;629000;201000
629500;20;629500;201000
630000;20;630000;201200
630500;20;630500;201000
631000;20;631000;201200
631500;20;631500;201100
632000;20;632000;20800
632500;20;632500;20900
633000;20;633000;201000
633500;20;633500;201200
634000;20;634000;201000
634500;20;634500;201100
635000;20;635000;20800
635500;20;635500;20600
636000;20;636000;201000
636500;20;636500;201200
637000;20;637000;20900
637500;20;637500;201000
638000;20;638000;201000
638500;20;638500;20700
639000;20;639000;201000
639500;20;639500;20900
640000;20;640000;20900
640500;20;640500;201000
641000;20;641000;201100
641500;20;641500;20800
642000;20;642000;20900
642500;20;642500;20900
643000;20;643000;20800
643500;20;643500;20900
644000;20;644000;20900
644500;20;644500;20600
645000;20;645000;201200
645500;20;645500;201000
646000;20;646000;20900
646500;20;646500;201000
647000;20;647000;201600
647500;20;647500;201000
648000;20;648000;20900
648500;20;648500;20700
649000;20;649000;20900
649500;20;649500;201100
650000;20;650000;20800
650500;20;650500;20900
651000;20;651000;201000
651500;20;651500;201000
652000;20;652000;20800
652500;20;652500;201000
653000;20;653000;20900
653500;20;653500;20800
654000;20;654000;201100
654500;20;654500;20700
655000;20;655000;201200
655500;20;655500;201000
656000;20;656000;20900
656500;20;656500;20900
657000;20;657000;201000
657500;20;657500;20800
658000;20;658000;201200
658500;20;658500;201000
659000;20;659000;201000
659500;20;659500;20900
660000;20;660000;201000
660500;20;660500;20700
661000;20;661000;20900
661500;20;661500;201200
662000;20;662000;201300
662500;20;662500;201000
663000;20;663000;201000
663500;20;663500;20900
664000;20;664000;201100
664500;20;664500;20800
665000;20;665000;20900
665500;20;665500;201000
666000;20;666000;201000
666500;20;666500;201300
667000;20;667000;201400
667500;20;667500;20900
668000;20;668000;201000
668500;20;668500;20700
669000;20;669000;201000
669500;20;669500;201200
670000;20;670000;201200
670500;20;670500;20700
671000;20;671000;20800
671500;20;671500;20800
672000;20;672000;201100
672500;20;672500;20800
673000;20;673000;201100
673500;20;673500;20900
674000;20;674000;20800
674500;20;674500;20900
675000;20;675000;202300
675500;20;675500;20800
676000;20;676000;201100
676500;20;676500;20800
677000;20;677000;20900
677500;20;677500;20800
678000;20;678000;20700
678500;20;678500;201100
679000;20;679000;201100
679500;20;679500;20700
680000;20;680000;201400
680500;20;680500;20800
681000;20;681000;20400
681500;20;681500;201300
682000;20;682000;201000
682500;20;682500;20900
683000;20;683000;201000
683500;20;683500;20800
684000;20;684000;20800
684500;20;684500;201000
685000;20;685000;201000
685500;20;685500;201000
686000;20;686000;201000
686500;20;686500;201000
687000;20;687000;20900
687500;20;687500;201300
688000;20;688000;20800
688500;20;688500;20900
689000;20;689000;20800
689500;20;689500;20700
690000;20;690000;20800
690500;20;690500;201200
691000;20;691000;20700
691500;20;691500;20800
692000;20;692000;20600
692500;20;692500;20800
693000;20;693000;201100
693500;20;693500;201200
694000;20;694000;201100
694500;20;694500;20900
695000;20;695000;20800
695500;20;695500;20900
696000;20;696000;201000
696500;20;696500;20900
697000;20;697000;20900
697500;20;697500;20900
698000;20;698000;201100
698500;20;698500;201000
699000;20;699000;201000
699500;20;699500;201100
700000;20;700000;201300
700500;20;700500;20700
701000;20;701000;20600
701500;20;701500;201000
702000;20;702000;201400
702500;20;702500;20700
703000;20;703000;20900
703500;20;703500;20900
704000;20;704000;201100
704500;20;704500;201300
705000;20;705000;201100
705500;20;705500;20700
706000;20;706000;20800
706500;20;706500;201100
707000;20;707000;201000
707500;20;707500;201100
708000;20;708000;201000
708500;20;708500;201000
709000;20;709000;201100
709500;20;709500;201100
710000;20;710000;201000
710500;20;710500;201100
711000;20;711000;20900
711500;20;711500;201200
712000;20;712000;201100
712500;20;712500;201000
713000;20;713000;20900
713500;20;713500;20800
714000;20;714000;201000
714500;20;714500;201100
715000;20;715000;201600
715500;20;715500;201100
716000;20;716000;201100
716500;20;716500;201100
717000;20;717000;201100
717500;20;717500;201000
718000;20;718000;20900
718500;20;718500;201100
719000;20;719000;20900
719500;20;719500;201000
720000;20;720000;201200
720500;20;720500;201100
721000;20;721000;201000
721500;20;721500;20900
722000;20;722000;201000
722500;20;722500;20900
723000;20;723000;20800
723500;20;723500;20700
724000;20;724000;20800
724500;20;724500;20800
725000;20;725000;201000
725500;20;725500;20800
726000;20;726000;20900
726500;20;726500;20800
727000;20;727000;201000
727500;20;727500;201000
728000;20;728000;201200
728500;20;728500;20800
729000;20;729000;20800
729500;20;729500;201200
730000;20;730000;201400
730500;20;730500;20700
731000;20;731000;20900
731500;20;731500;20600
732000;20;732000;20800
732500;20;732500;20800
733000;20;733000;201000
733500;20;733500;201000
734000;20;734000;20900
734500;20;734500;20800
735000;20;735000;20700
735500;20;735500;201100
736000;20;736000;20900
736500;20;736500;20700
737000;20;737000;20600
737500;20;737500;20700
738000;20;738000;201200
738500;20;738500;201100
739000;20;739000;20900
739500;20;739500;20800
740000;20;740000;20800
740500;20;740500;20500
741000;20;741000;201100
741500;20;741500;201200
742000;20;742000;201000
742500;20;742500;20700
743000;20;743000;20900
743500;20;743500;20800
744000;20;744000;201000
744500;20;744500;20700
745000;20;745000;20600
745500;20;745500;20600
746000;20;746000;20600
746500;20;746500;201000
747000;20;747000;201100
747500;20;747500;20900
748000;20;748000;20900
748500;20;748500;20800
749000;20;749000;201000
749500;20;749500;201100
750000;20;750000;20700
750500;20;750500;20800
751000;20;751000;20700
751500;20;751500;20700
752000;20;752000;20900
752500;20;752500;20800
753000;20;753000;20600
753500;20;753500;20700
754000;20;754000;20600
754500;20;754500;20800
755000;20;755000;201000
755500;20;755500;201100
756000;20;756000;20800
756500;20;756500;20800
757000;20;757000;20700
757500;20;757500;20900
758000;20;758000;201000
758500;20;758500;20800
759000;20;759000;201300
759500;20;759500;20700
760000;20;760000;20800
760500;20;760500;20900
761000;20;761000;201200
761500;20;761500;20800
762000;20;762000;20900
762500;20;762500;20800
763000;20;763000;20700
763500;20;763500;20700
764000;20;764000;20500
764500;20;764500;20700
765000;20;765000;20600
765500;20;765500;20600
766000;20;766000;20800
766500;20;766500;20600
767000;20;767000;20700
767500;20;767500;20700
768000;20;768000;20800
768500;20;768500;20700
769000;20;769000;20700
769500;20;769500;20700
770000;20;770000;20900
770500;20;770500;20900
771000;20;771000;20800
771500;20;771500;201100
772000;20;772000;20700
772500;20;772500;20900
773000;20;773000;20900
773500;20;773500;20800
774000;20;774000;20700
774500;20;774500;20600
775000;20;775000;20700
775500;20;775500;20900
776000;20;776000;20900
776500;20;776500;20900
777000;20;777000;20600
777500;20;777500;201100
778000;20;778000;20800
778500;20;778500;201600
779000;20;779000;201000
779500;20;779500;20900
780000;20;780000;201000
780500;20;780500;20900
781000;20;781000;20800
781500;20;781500;201000
782000;20;782000;201000
782500;20;782500;20800
783000;20;783000;20900
783500;20;783500;20800
784000;20;784000;20900
784500;20;784500;201000
785000;20;785000;20600
785500;20;785500;201000
786000;20;786000;20800
786500;20;786500;201100
787000;20;787000;201000
787500;20;787500;20800
788000;20;788000;20800
788500;20;788500;20800
789000;20;789000;20700
789500;20;789500;20900
790000;20;790000;201500
790500;20;790500;20800
791000;20;791000;20900
791500;20;791500;20800
792000;20;792000;20800
792500;20;792500;20800
793000;20;793000;201100
793500;20;793500;20800
794000;20;794000;201000
794500;20;794500;201000
795000;20;795000;20600
795500;20;795500;20900
796000;20;796000;20800
796500;20;796500;201000
797000;20;797000;20600
797500;20;797500;20700
798000;20;798000;20800
798500;20;798500;20900
799000;20;799000;201000
799500;20;799500;201100
800000;20;800000;20800
800500;20;800500;201000
801000;20;801000;20800
801500;20;801500;20900
802000;20;802000;20900
802500;20;802500;20800
803000;20;803000;20900
803500;20;803500;20800
804000;20;804000;20900
804500;20;804500;20900
805000;20;805000;20800
805500;20;805500;20600
806000;20;806000;20600
806500;20;806500;20800
807000;20;807000;20700
807500;20;807500;20900
808000;20;808000;20800
808500;20;808500;20800
809000;20;809000;201200
809500;20;809500;201000
810000;20;810000;201200
810500;20;810500;201100
811000;20;811000;201000
811500;20;811500;201000
812000;20;812000;201200
812500;20;812500;201000
813000;20;813000;201000
813500;20;813500;20800
814000;20;814000;20600
814500;20;814500;20900
815000;20;815000;201000
815500;20;815500;20900
816000;20;816000;201000
816500;20;816500;20900
817000;20;817000;20900
817500;20;817500;201000
818000;20;818000;201000
818500;20;818500;20900
819000;20;819000;20700
819500;20;819500;20900
820000;20;820000;20900
820500;20;820500;20900
821000;20;821000;201100
821500;20;821500;20900
822000;20;822000;20800
822500;20;822500;20900
823000;20;823000;20700
823500;20;823500;20900
824000;20;824000;201000
824500;20;824500;20900
825000;20;825000;201000
825500;20;825500;201400
826000;20;826000;20900
826500;20;826500;201100
827000;20;827000;201000
827500;20;827500;20900
828000;20;828000;201000
828500;20;828500;20800
829000;20;829000;201000
829500;20;829500;20800
830000;20;830000;20900
830500;20;830500;201100
831000;20;831000;20900
831500;20;831500;20800
832000;20;832000;20800
832500;20;832500;20800
833000;20;833000;20900
833500;20;833500;201000
834000;20;834000;20900
834500;20;834500;20700
835000;20;835000;20900
835500;20;835500;201000
836000;20;836000;20900
836500;20;836500;20900
837000;20;837000;20900
837500;20;837500;20900
838000;20;838000;20800
838500;20;838500;20900
839000;20;839000;20900
839500;20;839500;201200
840000;20;840000;20900
840500;20;840500;201000
841000;20;841000;20900
841500;20;841500;20900
842000;20;842000;202200
842500;20;842500;201000
843000;20;843000;20900
843500;20;843500;20900
844000;20;844000;20800
844500;20;844500;20800
845000;20;845000;20800
845500;20;845500;201000
846000;20;846000;20700
846500;20;846500;20900
847000;20;847000;20800
847500;20;847500;20900
848000;20;848000;20800
848500;20;848500;20900
849000;20;849000;20700
849500;20;849500;20900
850000;20;850000;20900
850500;20;850500;20800
851000;20;851000;201000
851500;20;851500;201100
852000;20;852000;20800
852500;20;852500;201000
853000;20;853000;201000
853500;20;853500;20800
854000;20;854000;20900
854500;20;854500;20900
855000;20;855000;201100
855500;20;855500;201000
856000;20;856000;20700
856500;20;856500;20800
857000;20;857000;20800
857500;20;857500;20700
858000;20;858000;20800
858500;20;858500;20800
859000;20;859000;20700
859500;20;859500;20700
860000;20;860000;20700
860500;20;860500;20800
861000;20;861000;20700
861500;20;861500;20800
862000;20;862000;20700
862500;20;862500;20800
863000;20;863000;20700
863500;20;863500;20700
864000;20;864000;20600
864500;20;864500;20700
865000;20;865000;20900
865500;20;865500;20900
866000;20;866000;20800
866500;20;866500;20700
867000;20;867000;20800
867500;20;867500;201100
868000;20;868000;20800
868500;20;868500;20700
869000;20;869000;20700
869500;20;869500;20800
870000;20;870000;20700
870500;20;870500;20600
871000;20;871000;20800
871500;20;871500;20800
872000;20;872000;20700
872500;20;872500;20900
873000;20;873000;20800
873500;20;873500;201200
874000;20;874000;20500
874500;20;874500;20800
875000;20;875000;20800
875500;20;875500;20800
876000;20;876000;20700
876500;20;876500;20700
877000;20;877000;20900
877500;20;877500;20900
878000;20;878000;20900
878500;20;878500;20900
879000;20;879000;20800
879500;20;879500;20800
880000;20;880000;20800
880500;20;880500;20800
881000;20;881000;20900
881500;20;881500;20800
882000;20;882000;20700
882500;20;882500;20700
883000;20;883000;20700
883500;20;883500;20600
884000;20;884000;20600
884500;20;884500;20800
885000;20;885000;20800
885500;20;885500;20900
886000;20;886000;20800
886500;20;886500;20700
887000;20;887000;20800
887500;20;887500;20700
888000;20;888000;20800
888500;20;888500;20700
889000;20;889000;20700
889500;20;889500;20700
890000;20;890000;20800
890500;20;890500;20700
891000;20;891000;20800
891500;20;891500;20700
892000;20;892000;20700
892500;20;892500;201100
893000;20;893000;20800
893500;20;893500;201000
894000;20;894000;20800
894500;20;894500;20700
895000;20;895000;20800
895500;20;895500;20600
896000;20;896000;20700
896500;20;896500;20900
897000;20;897000;20800
897500;20;897500;20700
898000;20;898000;20800
898500;20;898500;20800
899000;20;899000;20800
899500;20;899500;202500
900000;20;900000;20800
900500;20;900500;20700
901000;20;901000;20600
901500;20;901500;20800
902000;20;902000;20900
902500;20;902500;201200
903000;20;903000;20500
903500;20;903500;20600
904000;20;904000;20600
904500;20;904500;201100
905000;20;905000;20800
905500;20;905500;201100
906000;20;906000;20800
906500;20;906500;20800
907000;20;907000;20800
907500;20;907500;20700
908000;20;908000;20600
908500;20;908500;20700
909000;20;909000;20800
909500;20;909500;20800
910000;20;910000;20700
910500;20;910500;20900
911000;20;911000;201000
911500;20;911500;20800
912000;20;912000;20800
912500;20;912500;20900
913000;20;913000;20900
913500;20;913500;20600
914000;20;914000;20900
914500;20;914500;20700
915000;20;915000;201000
915500;20;915500;20800
916000;20;916000;20900
916500;20;916500;20700
917000;20;917000;20600
917500;20;917500;20600
918000;20;918000;20500
918500;20;918500;20900
919000;20;919000;20800
919500;20;919500;20500
920000;20;920000;20700
920500;20;920500;20600
921000;20;921000;20700
921500;20;921500;20800
922000;20;922000;20800
922500;20;922500;201100
923000;20;923000;20900
923500;20;923500;20800
924000;20;924000;20700
924500;20;924500;20700
925000;20;925000;20700
925500;20;925500;20800
926000;20;926000;20500
926500;20;926500;20600
927000;20;927000;20900
927500;20;927500;20800
928000;20;928000;20700
928500;20;928500;20700
929000;20;929000;20800
929500;20;929500;20500
930000;20;930000;201200
930500;20;930500;201100
931000;20;931000;20800
931500;20;931500;20500
932000;20;932000;20600
932500;20;932500;20700
933000;20;933000;20700
933500;20;933500;20700
934000;20;934000;20500
934500;20;934500;20700
935000;20;935000;20600
935500;20;935500;20700
936000;20;936000;20900
936500;20;936500;201000
937000;20;937000;20700
937500;20;937500;20800
938000;20;938000;20600
938500;20;938500;20800
939000;20;939000;20700
939500;20;939500;20400
940000;20;940000;20700
940500;20;940500;201200
941000;20;941000;20700
941500;20;941500;20800
942000;20;942000;20900
942500;20;942500;20800
943000;20;943000;20700
943500;20;943500;20700
944000;20;944000;20600
944500;20;944500;20700
945000;20;945000;20700
945500;20;945500;201000
946000;20;946000;20700
946500;20;946500;20700
947000;20;947000;20600
947500;20;947500;201000
948000;20;948000;20800
948500;20;948500;20700
949000;20;949000;201200
949500;20;949500;20700
950000;20;950000;20700
950500;20;950500;20600
951000;20;951000;20800
951500;20;951500;20800
952000;20;952000;20700
952500;20;952500;20700
953000;20;953000;20700
953500;20;953500;20600
954000;20;954000;20900
954500;20;954500;20600
955000;20;955000;20700
955500;20;955500;20700
956000;20;956000;20800
956500;20;956500;20700
957000;20;957000;20700
957500;20;957500;20700
958000;20;958000;20600
958500;20;958500;20900
959000;20;959000;20800
959500;20;959500;20800
960000;20;960000;20900
960500;20;960500;20900
961000;20;961000;20700
961500;20;961500;20800
962000;20;962000;20900
962500;20;962500;20600
963000;20;963000;20600
963500;20;963500;20600
964000;20;964000;20700
964500;20;964500;20600
965000;20;965000;20600
965500;20;965500;20600
966000;20;966000;20700
966500;20;966500;20400
967000;20;967000;20400
967500;20;967500;20600
968000;20;968000;20700
968500;20;968500;20500
969000;20;969000;20300
969500;20;969500;20300
970000;20;970000;20500
970500;20;970500;20500
971000;20;971000;20500
971500;20;971500;20600
972000;20;972000;20400
972500;20;972500;20500
973000;20;973000;20500
973500;20;973500;20400
974000;20;974000;20700
974500;20;974500;20800
975000;20;975000;20900
975500;20;975500;20800
976000;20;976000;20600
976500;20;976500;20600
977000;20;977000;20600
977500;20;977500;20500
978000;20;978000;20600
978500;20;978500;20600
979000;20;979000;20500
979500;20;979500;20600
980000;20;980000;20500
980500;20;980500;20700
981000;20;981000;20500
981500;20;981500;20600
982000;20;982000;20500
982500;20;982500;20400
983000;20;983000;20500
983500;20;983500;20500
984000;20;984000;20600
984500;20;984500;20700
985000;20;985000;20700
985500;20;985500;201100
986000;20;986000;20700
986500;20;986500;20700
987000;20;987000;20500
987500;20;987500;20400
988000;20;988000;20600
988500;20;988500;20600
989000;20;989000;20900
989500;20;989500;20600
990000;20;990000;20600
990500;20;990500;20500
991000;20;991000;20500
991500;20;991500;20700
992000;20;992000;20600
992500;20;992500;20500
993000;20;993000;20600
993500;20;993500;20600
994000;20;994000;20500
994500;20;994500;20800
995000;20;995000;20500
995500;20;995500;20700
996000;20;996000;20600
996500;20;996500;20400
997000;20;997000;20700
997500;20;997500;20700
998000;20;998000;20700
998500;20;998500;20400
999000;20;999000;20600
999500;20;999500;20600
